kappa = 0.02:
```
[[0.98  0.005 0.005 0.005 0.005]
 [0.005 0.98  0.005 0.005 0.005]
 [0.005 0.005 0.98  0.005 0.005]
 [0.005 0.005 0.005 0.98  0.005]
 [0.005 0.005 0.005 0.005 0.98 ]]
```

kappa = 0.3:
```
[[0.7   0.075 0.075 0.075 0.075]
 [0.075 0.7   0.075 0.075 0.075]
 [0.075 0.075 0.7   0.075 0.075]
 [0.075 0.075 0.075 0.7   0.075]
 [0.075 0.075 0.075 0.075 0.7  ]]
```

kappa = 0.9:
```
[[0.1   0.225 0.225 0.225 0.225]
 [0.225 0.1   0.225 0.225 0.225]
 [0.225 0.225 0.1   0.225 0.225]
 [0.225 0.225 0.225 0.1   0.225]
 [0.225 0.225 0.225 0.225 0.1  ]]
```

constant-edge:
```
[[0.2 0.2 0.2 0.2 0.2]
 [0.2 0.2 0.2 0.2 0.2]
 [0.2 0.2 0.2 0.2 0.2]
 [0.2 0.2 0.2 0.2 0.2]
 [0.2 0.2 0.2 0.2 0.2]]
```

max-degree:
```
[[0.   0.25 0.25 0.25 0.25]
 [0.25 0.   0.25 0.25 0.25]
 [0.25 0.25 0.   0.25 0.25]
 [0.25 0.25 0.25 0.   0.25]
 [0.25 0.25 0.25 0.25 0.  ]]
```

local-degree:
```
[[0.   0.25 0.25 0.25 0.25]
 [0.25 0.   0.25 0.25 0.25]
 [0.25 0.25 0.   0.25 0.25]
 [0.25 0.25 0.25 0.   0.25]
 [0.25 0.25 0.25 0.25 0.  ]]
```

fmmc:
```
[[0.20000004 0.19999999 0.19999999 0.19999999 0.19999999]
 [0.19999999 0.20000004 0.19999999 0.19999999 0.19999999]
 [0.19999999 0.19999999 0.20000004 0.19999999 0.19999999]
 [0.19999999 0.19999999 0.19999999 0.20000004 0.19999999]
 [0.19999999 0.19999999 0.19999999 0.19999999 0.20000004]]
```

fdla:
```
[[0.20000002 0.19999999 0.19999999 0.19999999 0.19999999]
 [0.19999999 0.20000002 0.19999999 0.19999999 0.19999999]
 [0.19999999 0.19999999 0.20000002 0.19999999 0.19999999]
 [0.19999999 0.19999999 0.19999999 0.20000002 0.19999999]
 [0.19999999 0.19999999 0.19999999 0.19999999 0.20000002]]
```

lmsc:
```
[[0.2 0.2 0.2 0.2 0.2]
 [0.2 0.2 0.2 0.2 0.2]
 [0.2 0.2 0.2 0.2 0.2]
 [0.2 0.2 0.2 0.2 0.2]
 [0.2 0.2 0.2 0.2 0.2]]
```

