kappa = 0.02:
```
[[0.99 0.01 0.   0.   0.  ]
 [0.01 0.98 0.01 0.   0.  ]
 [0.   0.01 0.98 0.01 0.  ]
 [0.   0.   0.01 0.98 0.01]
 [0.   0.   0.   0.01 0.99]]
```

kappa = 0.3:
```
[[0.85 0.15 0.   0.   0.  ]
 [0.15 0.7  0.15 0.   0.  ]
 [0.   0.15 0.7  0.15 0.  ]
 [0.   0.   0.15 0.7  0.15]
 [0.   0.   0.   0.15 0.85]]
```

kappa = 0.9:
```
[[0.55 0.45 0.   0.   0.  ]
 [0.45 0.1  0.45 0.   0.  ]
 [0.   0.45 0.1  0.45 0.  ]
 [0.   0.   0.45 0.1  0.45]
 [0.   0.   0.   0.45 0.55]]
```

constant-edge:
```
[[ 5.0000000e-01  5.0000000e-01  0.0000000e+00  0.0000000e+00  0.0000000e+00]
 [ 5.0000000e-01 -4.4408921e-16  5.0000000e-01  0.0000000e+00  0.0000000e+00]
 [ 0.0000000e+00  5.0000000e-01 -4.4408921e-16  5.0000000e-01  0.0000000e+00]
 [ 0.0000000e+00  0.0000000e+00  5.0000000e-01 -4.4408921e-16  5.0000000e-01]
 [ 0.0000000e+00  0.0000000e+00  0.0000000e+00  5.0000000e-01  5.0000000e-01]]
```

max-degree:
```
[[0.5 0.5 0.  0.  0. ]
 [0.5 0.  0.5 0.  0. ]
 [0.  0.5 0.  0.5 0. ]
 [0.  0.  0.5 0.  0.5]
 [0.  0.  0.  0.5 0.5]]
```

local-degree:
```
[[0.5 0.5 0.  0.  0. ]
 [0.5 0.  0.5 0.  0. ]
 [0.  0.5 0.  0.5 0. ]
 [0.  0.  0.5 0.  0.5]
 [0.  0.  0.  0.5 0.5]]
```

fmmc:
```
[[ 4.99994827e-01  5.00005173e-01  0.00000000e+00  0.00000000e+00  0.00000000e+00]
 [ 5.00005173e-01 -2.77327795e-06  4.99997600e-01  0.00000000e+00  0.00000000e+00]
 [ 0.00000000e+00  4.99997600e-01  4.79931739e-06  4.99997600e-01  0.00000000e+00]
 [ 0.00000000e+00  0.00000000e+00  4.99997600e-01 -2.77327794e-06  5.00005173e-01]
 [ 0.00000000e+00  0.00000000e+00  0.00000000e+00  5.00005173e-01  4.99994827e-01]]
```

fdla:
```
[[5.00000169e-01 4.99999831e-01 0.00000000e+00 0.00000000e+00 0.00000000e+00]
 [4.99999831e-01 3.82205963e-07 4.99999787e-01 0.00000000e+00 0.00000000e+00]
 [0.00000000e+00 4.99999787e-01 4.25616684e-07 4.99999787e-01 0.00000000e+00]
 [0.00000000e+00 0.00000000e+00 4.99999787e-01 3.82205964e-07 4.99999831e-01]
 [0.00000000e+00 0.00000000e+00 0.00000000e+00 4.99999831e-01 5.00000169e-01]]
```

lmsc:
```
[[0.55681919 0.44318081 0.         0.         0.        ]
 [0.44318081 0.13675033 0.42006886 0.         0.        ]
 [0.         0.42006886 0.15986225 0.42006889 0.        ]
 [0.         0.         0.42006889 0.13675034 0.44318078]
 [0.         0.         0.         0.44318078 0.55681922]]
```

