kappa = 0.02:
```
[[0.98 0.01 0.   0.   0.01]
 [0.01 0.98 0.01 0.   0.  ]
 [0.   0.01 0.98 0.01 0.  ]
 [0.   0.   0.01 0.98 0.01]
 [0.01 0.   0.   0.01 0.98]]
```

kappa = 0.3:
```
[[0.7  0.15 0.   0.   0.15]
 [0.15 0.7  0.15 0.   0.  ]
 [0.   0.15 0.7  0.15 0.  ]
 [0.   0.   0.15 0.7  0.15]
 [0.15 0.   0.   0.15 0.7 ]]
```

kappa = 0.9:
```
[[0.1  0.45 0.   0.   0.45]
 [0.45 0.1  0.45 0.   0.  ]
 [0.   0.45 0.1  0.45 0.  ]
 [0.   0.   0.45 0.1  0.45]
 [0.45 0.   0.   0.45 0.1 ]]
```

constant-edge:
```
[[0.2 0.4 0.  0.  0.4]
 [0.4 0.2 0.4 0.  0. ]
 [0.  0.4 0.2 0.4 0. ]
 [0.  0.  0.4 0.2 0.4]
 [0.4 0.  0.  0.4 0.2]]
```

max-degree:
```
[[0.  0.5 0.  0.  0.5]
 [0.5 0.  0.5 0.  0. ]
 [0.  0.5 0.  0.5 0. ]
 [0.  0.  0.5 0.  0.5]
 [0.5 0.  0.  0.5 0. ]]
```

local-degree:
```
[[0.  0.5 0.  0.  0.5]
 [0.5 0.  0.5 0.  0. ]
 [0.  0.5 0.  0.5 0. ]
 [0.  0.  0.5 0.  0.5]
 [0.5 0.  0.  0.5 0. ]]
```

fmmc:
```
[[0.20000427 0.39999786 0.         0.         0.39999786]
 [0.39999786 0.20000427 0.39999786 0.         0.        ]
 [0.         0.39999786 0.20000427 0.39999786 0.        ]
 [0.         0.         0.39999786 0.20000427 0.39999786]
 [0.39999786 0.         0.         0.39999786 0.20000427]]
```

fdla:
```
[[0.19999885 0.40000058 0.         0.         0.40000058]
 [0.40000058 0.19999885 0.40000058 0.         0.        ]
 [0.         0.40000058 0.19999885 0.40000058 0.        ]
 [0.         0.         0.40000058 0.19999885 0.40000058]
 [0.40000058 0.         0.         0.40000058 0.19999885]]
```

lmsc:
```
[[0.28554518 0.35722741 0.         0.         0.35722741]
 [0.35722741 0.28554518 0.35722741 0.         0.        ]
 [0.         0.35722741 0.28554518 0.35722741 0.        ]
 [0.         0.         0.35722741 0.28554518 0.35722741]
 [0.35722741 0.         0.         0.35722741 0.28554518]]
```

