kappa = 0.02:
```
[[0.98  0.005 0.005 0.005 0.005]
 [0.005 0.995 0.    0.    0.   ]
 [0.005 0.    0.995 0.    0.   ]
 [0.005 0.    0.    0.995 0.   ]
 [0.005 0.    0.    0.    0.995]]
```

kappa = 0.3:
```
[[0.7   0.075 0.075 0.075 0.075]
 [0.075 0.925 0.    0.    0.   ]
 [0.075 0.    0.925 0.    0.   ]
 [0.075 0.    0.    0.925 0.   ]
 [0.075 0.    0.    0.    0.925]]
```

kappa = 0.9:
```
[[0.1   0.225 0.225 0.225 0.225]
 [0.225 0.775 0.    0.    0.   ]
 [0.225 0.    0.775 0.    0.   ]
 [0.225 0.    0.    0.775 0.   ]
 [0.225 0.    0.    0.    0.775]]
```

constant-edge:
```
[[-0.33333333  0.33333333  0.33333333  0.33333333  0.33333333]
 [ 0.33333333  0.66666667  0.          0.          0.        ]
 [ 0.33333333  0.          0.66666667  0.          0.        ]
 [ 0.33333333  0.          0.          0.66666667  0.        ]
 [ 0.33333333  0.          0.          0.          0.66666667]]
```

max-degree:
```
[[0.   0.25 0.25 0.25 0.25]
 [0.25 0.75 0.   0.   0.  ]
 [0.25 0.   0.75 0.   0.  ]
 [0.25 0.   0.   0.75 0.  ]
 [0.25 0.   0.   0.   0.75]]
```

local-degree:
```
[[0.   0.25 0.25 0.25 0.25]
 [0.25 0.75 0.   0.   0.  ]
 [0.25 0.   0.75 0.   0.  ]
 [0.25 0.   0.   0.75 0.  ]
 [0.25 0.   0.   0.   0.75]]
```

fmmc:
```
[[1.57751808e-05 2.49996056e-01 2.49996056e-01 2.49996056e-01 2.49996056e-01]
 [2.49996056e-01 7.50003944e-01 0.00000000e+00 0.00000000e+00 0.00000000e+00]
 [2.49996056e-01 0.00000000e+00 7.50003944e-01 0.00000000e+00 0.00000000e+00]
 [2.49996056e-01 0.00000000e+00 0.00000000e+00 7.50003944e-01 0.00000000e+00]
 [2.49996056e-01 0.00000000e+00 0.00000000e+00 0.00000000e+00 7.50003944e-01]]
```

fdla:
```
[[-0.33333547  0.33333387  0.33333387  0.33333387  0.33333387]
 [ 0.33333387  0.66666613  0.          0.          0.        ]
 [ 0.33333387  0.          0.66666613  0.          0.        ]
 [ 0.33333387  0.          0.          0.66666613  0.        ]
 [ 0.33333387  0.          0.          0.          0.66666613]]
```

lmsc:
```
[[-2.86359883  0.96589971  0.96589971  0.96589971  0.96589971]
 [ 0.96589971  0.03410029  0.          0.          0.        ]
 [ 0.96589971  0.          0.03410029  0.          0.        ]
 [ 0.96589971  0.          0.          0.03410029  0.        ]
 [ 0.96589971  0.          0.          0.          0.03410029]]
```

